9.1799583
76.5046697
10.7810953
78.1629613
-0.5402939
0.51805854
0.865209
-0.30318564
-0.19059849
-0.37740612
-0.6492854
-0.7898932
-0.117917836
-0.044667482
-0.27258623
0.6308425
0.30190778
-0.26923507
-0.38094708
-0.037854552
-0.1502617
0.196392
-0.54179806
0.5114905
-0.29893547
-0.3506804
-0.14953548
0.20987278
0.52176625
0.98242414
1.0593226
0.8277515
-0.076811664
0.52850527
0.9559493
0.04596032
-0.040003896
1.003838
-0.12842488
-0.53540707
-0.4156168
-0.16255392
0.087801136
-0.4664523
0.40154368
-0.04692906
-0.41709483
-0.45428517
0.18778074
0.48743695
-0.46631575
0.18683094
-0.25219244
-0.4579442
0.40128833
0.29267478
0.11889696
-0.2523357
-0.45799792
-0.1922797
-0.55604327
0.3088175
-0.48716748
0.14538592
-0.9238312
-0.27428618
-0.5154743
-0.294075
-0.85212916
-0.054417282
0.033725083
-0.18971571
-0.31021965
0.8505902
0.35339865
0.13976432
0.41307813
-0.10782664
-0.51520234
0.08418763
0.1797561
0.31623238
-0.07272768
0.2659757
-0.47798026
-0.36263737
-0.21882308
-0.4821038
-0.4154877
0.32037318
0.31860137
0.28756118
-0.003834188
-0.24268958
-0.20368774
-0.27376628
0.21575779
0.14045583
-0.79630005
-0.0024534464
0.114382386
-0.17398661
-0.30125707
0.2175358
0.35914
-0.1194864
-0.08102417
0.035892807
-0.12786514
-0.5428539
-0.16134694
0.15202796
-0.53182817
0.3540821
0.8236824
1.0630711
0.3598867
-0.74832994
-1.2174594
-0.061494052
-0.4171407
-0.15319854
-0.38298428
-0.168606
0.9524807
0.56967956
-0.452297
-0.10774245
-0.63650256
-0.4169541
0.05651933
0.056420207
0.36924207
0.04397553
0.1785977
0.40409437
0.3209914
-1.0220537
-1.8025645
-0.26205713
-0.36508262
0.17567194
0.496665
-0.33145443
0.21266058
0.14793856
-0.15921378
-0.008572493
-0.21131141
-0.24663791
-0.530703
0.45005244
0.27989626
-0.43772218
0.8641884
0.34950113
-0.40395856
0.44002977
0.3665984
-0.07211065
-0.46222085
-0.15331322
-0.53468215
-0.11119622
-1.3658136
-0.7969829
0.39739758
-0.44959387
-0.42866537
0.7644594
-0.58566934
1.0743655
0.5450151
0.9797309
0.06793293
-0.1975136
1.1985111
-0.035415906
-0.18543053
-1.2287804
0.8688613
-0.65055645
-0.06967431
-0.31514522
-0.48329696
-0.72055274
0.6813275
-0.7271327
0.18544447
0.75329536
-0.4905818
0.32179478
0.57387656
0.55243134
-0.06270533
-0.009972021
0.9900252
0.12381052
-0.46092287
-0.8223146
0.77458054
-0.7903023
0.087662995
-0.1119436
-0.11193231
0.20768464
-0.3680395
0.29794264
-0.40962082
0.42000455
0.2117567
-0.16140202
-0.1538043
0.22656465
-0.23929109
0.07376921
-0.27610153
-0.24662586
0.2683034
-0.09740254
0.35388923
-0.24835594
-0.27186206
-0.16716772
-0.03678991
0.08119582
-1.2357212
0.8659053
-0.16655356
0.15763758
0.6815266
0.39802894
-1.312638
0.29091316
-0.3000387
-0.3827409
-0.19325422
-0.19498885
0.15594812
-0.25646636
0.5997409
0.23133223
-0.124317765
-0.3889847
1.4995875
2.1789718
-0.084745854
2.2930405
-0.09999415
-2.0506985
1.6372831
-2.0909505
0.022543103
-1.5267843
-0.43510878
1.9484978
-1.5465585
-0.03366655
0.08774817
0.67487866
-1.7709774
1.9870119
0.11332023
-0.15871862
0.049363405
-0.23487525
0.3892582
0.0024568439
0.26843333
0.30788267
0.0390099
0.20120937
0.252128
-0.23848149
0.31657422
0.38084984
-0.39712664
-0.23069057
0.031196594
-0.0293715
0.06377864
0.1524325
-0.12058985
-0.23847786
0.113170445
0.13043731
-0.36952305
0.25510043
-0.40153033
0.4309641
0.16000801
-0.062742054
0.31719905
-0.14473987
0.31036645
-0.16022617
-0.09447807
0.093943894
-0.05295396
0.070991635
-0.23837401
-0.16770157
0.07646978
0.16659427
-0.0064179003
0.030424088
-0.41052747
-0.20677139
0.017278641
-0.051656038
-0.3438029
-0.09546411
-0.2846274
-0.15644175
-0.07279682
-0.3111869
-0.17501438
0.37575513
0.009123921
-0.08673513
-0.030081958
0.09656054
-0.038493186
0.25525868
-0.031329453
0.17775655
0.12663245
0.24185467
-0.24468477
0.16114849
-0.37659544
-0.31192368
-0.25024468
0.28331155
-0.43923578
0.33457416
-0.4242007
-0.35439578
0.03515905
-0.4395341
-0.43228227
-0.34535682
0.21998668
0.07092875
0.41917798
0.1443509
0.5150654
-0.2923207
-0.20074084
-0.16579743
0.34511647
0.037828773
0.32395726
-0.45389274
0.034408268
-0.025968527
0.09155553
0.058055997
-0.29314983
0.41791221
-0.24916777
-0.15740411
-0.40998304
-0.30420774
0.13762611
0.34639198
0.59645265
-0.2133173
0.86496437
-0.20773122
0.45645273
1.0387726
0.868765
0.10503798
0.37210038
0.9613459
1.0427517
-0.3429043
0.7452797
0.37917465
0.9360953
0.51208395
0.9489748
0.29521582
0.120832324
-0.11462323
0.5728372
0.8494118
0.09929817
-0.22523996
0.54478526
0.4172094
0.03754262
1.5475
0.13204087
0.26394713
0.5908517
-0.08046677
0.6141688
-0.3935847
0.5049037
0.09707484
-0.102446444
-3.058448
-0.42980126
-0.09574902
0.06314349
-0.31562227
0.030466318
0.28731644
0.35514522
-0.16690221
-0.19289684
0.1514458
-0.0493994
-1.0186689
-0.27986994
0.6486894
-0.4448382
-0.40996715
-0.89581716
-0.82024574
-0.061534453
0.73219943
-0.37306422
0.48329204
0.49167272
-0.37588793
0.26987138
-0.42308384
0.25773814
0.39276424
0.43250915
-1.9079844
-0.3446281
-0.6083862
-0.5442713
1.0398561
-0.8471255
0.2838953
-0.4640626
-0.65212
-0.33223286
0.61275685
-0.063655704
0.27145875
0.2300212
0.615775
-0.21920416
0.13868386
0.5015148
-0.10269571
0.51493543
1.376614
-0.039875563
-0.9123184
-0.72161883
0.61066526
-0.63381886
0.11498183
-0.9121294
-0.91831815
-0.97264284
0.2062456
0.25856197
-0.050214894
0.337124
-0.05066222
-0.25429976
0.27651024
0.42938715
-0.41694823
-0.24242374
0.117880814
-0.14199296
1.133204
0.9622622
-0.37741137
0.8642072
0.2983836
0.6678368
1.0189508
0.65441227
0.5365287
-0.3564634
-0.90463215
-0.09033467
0.94672275
-0.41921586
-0.07443413
-0.52440274
-0.9352881
-0.5239701
0.5758928
-0.35678566
-0.10599306
-0.39206153
-0.05770538
0.14949739
-0.41873443
-0.11996668
-0.31129315
-0.2305694
0.04604223
-0.43816665
-0.025378447
-0.43546113
-0.25167024
-0.28039518
-0.25114885
0.115333855
-0.13559593
-0.19617116
-0.050323665
-0.39361367
1.4381403
1.8940654
-1.3806957
1.2697777
-0.17546776
1.5779743
1.6293926
1.6544646
0.5076042
-0.089225076
-0.5686272
-0.15702191
1.0039719
-0.9056149
-0.123464346
-0.49413955
-0.13453546
-1.1445289
0.2544824
0.20906289
0.9590535
0.95711124
-0.12200737
0.849189
0.07936674
0.95545816
0.4069887
0.4457108
-0.15484238
-0.13680056
0.05207753
0.058240294
0.21074611
-0.20288281
-0.30965155
-0.005552113
-0.44478905
0.43100268
-0.21153152
0.15456754
-0.06190613
0.03110969
-0.2101067
0.1004042
-0.31519023
-0.3285853
0.23442805
-0.23524661
0.18232483
-0.49753246
0.23367631
0.18754512
-0.5963286
2.1668131
-0.5975006
0.12320548
0.0219491
0.71612304
-0.13151395
-0.25414813
-0.3907112
-1.1451008
-0.52829784
-0.59668213
0.62411416
1.5295709
0.36428314
-0.30903032
-0.2674306
0.45708883
-0.2642026
0.60428727
0.618664
1.249295
0.18640669
-0.2763083
-0.42871663
1.7485586
0.013152361
-0.5609591
0.36992338
1.9406843
-0.32731456
-0.3425515
-0.30834594
0.78998196
-0.20243439
-0.12405318
3.89906
-1.7410375
-1.0757247
1.0943141
-3.4508388
0.0
0.16136049
0.04338556
0.0
0.0
0.025906295
-0.026801266
0.0
-0.0068692407
0.005107621
-0.025013957
0.03502988
-0.006148094
-0.042439852
0.16340764
0.039995007
0.022336243
0.0
0.42780334
0.16996413
0.0
0.0
0.0
0.0
-0.036579065
-0.026584836
0.004226273
0.05889163
0.3914649
0.0
-0.018402433
0.26755416
-0.0913671
0.052000035
0.12422769
-0.025794314
0.119619496
-0.10106167
-0.05698443
-0.06829647
0.027895126
-0.027521914
0.021761026
0.0
0.0
-0.026824491
0.044125788
0.050285995
-0.1552551
-0.045770466
0.0
-0.025164545
0.07946036
0.044658247
-0.32949004
-0.04317316
-0.0059911576
0.0
-0.91119826
3.8391762
